# Zimtohrli correlation report

Created at 2024-05-15
	
Revision v0.1.10-12-g4c2899a, branch nsim, origin git@github.com:google/zimtohrli.git

## PEASS_DB

### Spearman correlation table for all score types

|          |CDPAM |DPAM |GVPMOS |MOS  |PARLAQ |PEAQB |PESQ |ViSQOL |WARP-Q |Zimtohrli |
|----------|------|-----|-------|-----|-------|------|-----|-------|-------|----------|
|CDPAM     |1.00  |0.47 |0.11   |0.47 |0.85   |0.78  |0.65 |0.56   |0.65   |0.75      |
|DPAM      |0.47  |1.00 |0.09   |0.40 |0.57   |0.50  |0.33 |0.36   |0.34   |0.47      |
|GVPMOS    |0.11  |0.09 |1.00   |0.09 |0.08   |0.01  |0.28 |0.24   |0.15   |0.26      |
|MOS       |0.47  |0.40 |0.09   |1.00 |0.45   |0.36  |0.34 |0.52   |0.25   |0.51      |
|PARLAQ    |0.85  |0.57 |0.08   |0.45 |1.00   |0.83  |0.68 |0.49   |0.78   |0.73      |
|PEAQB     |0.78  |0.50 |0.01   |0.36 |0.83   |1.00  |0.70 |0.40   |0.71   |0.69      |
|PESQ      |0.65  |0.33 |0.28   |0.34 |0.68   |0.70  |1.00 |0.43   |0.59   |0.67      |
|ViSQOL    |0.56  |0.36 |0.24   |0.52 |0.49   |0.40  |0.43 |1.00   |0.35   |0.71      |
|WARP-Q    |0.65  |0.34 |0.15   |0.25 |0.78   |0.71  |0.59 |0.35   |1.00   |0.53      |
|Zimtohrli |0.75  |0.47 |0.26   |0.51 |0.73   |0.69  |0.67 |0.71   |0.53   |1.00      |

### Score type MOS Spearman correlation in order

|Score type |Spearman correlation |
|-----------|---------------------|
|ViSQOL     |0.52                 |
|Zimtohrli  |0.51                 |
|CDPAM      |0.47                 |
|PARLAQ     |0.45                 |
|DPAM       |0.40                 |
|PEAQB      |0.36                 |
|PESQ       |0.34                 |
|WARP-Q     |0.25                 |
|GVPMOS     |0.09                 |

## SAOC

### Spearman correlation table for all score types

|          |CDPAM |DPAM |GVPMOS |MOS  |PARLAQ |PEAQB |PESQ |ViSQOL |WARP-Q |Zimtohrli |
|----------|------|-----|-------|-----|-------|------|-----|-------|-------|----------|
|CDPAM     |1.00  |0.62 |0.38   |0.61 |0.87   |0.62  |0.61 |0.73   |0.71   |0.75      |
|DPAM      |0.62  |1.00 |0.51   |0.50 |0.55   |0.55  |0.48 |0.47   |0.66   |0.57      |
|GVPMOS    |0.38  |0.51 |1.00   |0.27 |0.34   |0.17  |0.27 |0.17   |0.36   |0.30      |
|MOS       |0.61  |0.50 |0.27   |1.00 |0.73   |0.59  |0.76 |0.74   |0.62   |0.72      |
|PARLAQ    |0.87  |0.55 |0.34   |0.73 |1.00   |0.67  |0.76 |0.85   |0.75   |0.85      |
|PEAQB     |0.62  |0.55 |0.17   |0.59 |0.67   |1.00  |0.60 |0.71   |0.70   |0.75      |
|PESQ      |0.61  |0.48 |0.27   |0.76 |0.76   |0.60  |1.00 |0.80   |0.65   |0.81      |
|ViSQOL    |0.73  |0.47 |0.17   |0.74 |0.85   |0.71  |0.80 |1.00   |0.70   |0.81      |
|WARP-Q    |0.71  |0.66 |0.36   |0.62 |0.75   |0.70  |0.65 |0.70   |1.00   |0.72      |
|Zimtohrli |0.75  |0.57 |0.30   |0.72 |0.85   |0.75  |0.81 |0.81   |0.72   |1.00      |

### Score type MOS Spearman correlation in order

|Score type |Spearman correlation |
|-----------|---------------------|
|PESQ       |0.76                 |
|ViSQOL     |0.74                 |
|PARLAQ     |0.73                 |
|Zimtohrli  |0.72                 |
|WARP-Q     |0.62                 |
|CDPAM      |0.61                 |
|PEAQB      |0.59                 |
|DPAM       |0.50                 |
|GVPMOS     |0.27                 |

## SASSEC

### Spearman correlation table for all score types

|          |CDPAM |DPAM |GVPMOS |MOS  |PARLAQ |PEAQB |PESQ |ViSQOL |WARP-Q |Zimtohrli |
|----------|------|-----|-------|-----|-------|------|-----|-------|-------|----------|
|CDPAM     |1.00  |0.56 |0.41   |0.67 |0.88   |0.79  |0.73 |0.82   |0.74   |0.80      |
|DPAM      |0.56  |1.00 |0.47   |0.50 |0.52   |0.56  |0.46 |0.56   |0.66   |0.61      |
|GVPMOS    |0.41  |0.47 |1.00   |0.38 |0.38   |0.31  |0.30 |0.29   |0.41   |0.40      |
|MOS       |0.67  |0.50 |0.38   |1.00 |0.74   |0.68  |0.76 |0.73   |0.65   |0.67      |
|PARLAQ    |0.88  |0.52 |0.38   |0.74 |1.00   |0.75  |0.82 |0.88   |0.73   |0.82      |
|PEAQB     |0.79  |0.56 |0.31   |0.68 |0.75   |1.00  |0.78 |0.81   |0.72   |0.77      |
|PESQ      |0.73  |0.46 |0.30   |0.76 |0.82   |0.78  |1.00 |0.83   |0.67   |0.77      |
|ViSQOL    |0.82  |0.56 |0.29   |0.73 |0.88   |0.81  |0.83 |1.00   |0.76   |0.79      |
|WARP-Q    |0.74  |0.66 |0.41   |0.65 |0.73   |0.72  |0.67 |0.76   |1.00   |0.71      |
|Zimtohrli |0.80  |0.61 |0.40   |0.67 |0.82   |0.77  |0.77 |0.79   |0.71   |1.00      |

### Score type MOS Spearman correlation in order

|Score type |Spearman correlation |
|-----------|---------------------|
|PESQ       |0.76                 |
|PARLAQ     |0.74                 |
|ViSQOL     |0.73                 |
|PEAQB      |0.68                 |
|CDPAM      |0.67                 |
|Zimtohrli  |0.67                 |
|WARP-Q     |0.65                 |
|DPAM       |0.50                 |
|GVPMOS     |0.38                 |

## SiSEC08

### Spearman correlation table for all score types

|          |CDPAM |DPAM |GVPMOS |MOS  |PARLAQ |PEAQB |PESQ |ViSQOL |WARP-Q |Zimtohrli |
|----------|------|-----|-------|-----|-------|------|-----|-------|-------|----------|
|CDPAM     |1.00  |0.53 |0.33   |0.70 |0.86   |0.72  |0.80 |0.79   |0.75   |0.81      |
|DPAM      |0.53  |1.00 |0.51   |0.54 |0.53   |0.56  |0.46 |0.49   |0.66   |0.46      |
|GVPMOS    |0.33  |0.51 |1.00   |0.29 |0.31   |0.18  |0.18 |0.15   |0.41   |0.23      |
|MOS       |0.70  |0.54 |0.29   |1.00 |0.78   |0.66  |0.73 |0.78   |0.75   |0.71      |
|PARLAQ    |0.86  |0.53 |0.31   |0.78 |1.00   |0.72  |0.84 |0.86   |0.82   |0.88      |
|PEAQB     |0.72  |0.56 |0.18   |0.66 |0.72   |1.00  |0.70 |0.78   |0.79   |0.76      |
|PESQ      |0.80  |0.46 |0.18   |0.73 |0.84   |0.70  |1.00 |0.86   |0.79   |0.81      |
|ViSQOL    |0.79  |0.49 |0.15   |0.78 |0.86   |0.78  |0.86 |1.00   |0.81   |0.80      |
|WARP-Q    |0.75  |0.66 |0.41   |0.75 |0.82   |0.79  |0.79 |0.81   |1.00   |0.75      |
|Zimtohrli |0.81  |0.46 |0.23   |0.71 |0.88   |0.76  |0.81 |0.80   |0.75   |1.00      |

### Score type MOS Spearman correlation in order

|Score type |Spearman correlation |
|-----------|---------------------|
|PARLAQ     |0.78                 |
|ViSQOL     |0.78                 |
|WARP-Q     |0.75                 |
|PESQ       |0.73                 |
|Zimtohrli  |0.71                 |
|CDPAM      |0.70                 |
|PEAQB      |0.66                 |
|DPAM       |0.54                 |
|GVPMOS     |0.29                 |

## coresvnet

### Spearman correlation table for all score types

|          |CDPAM |DPAM |GVPMOS |MOS  |PARLAQ |PEAQB |PESQ |ViSQOL |WARP-Q |Zimtohrli |
|----------|------|-----|-------|-----|-------|------|-----|-------|-------|----------|
|CDPAM     |1.00  |0.49 |0.12   |0.59 |0.68   |0.60  |0.67 |0.54   |0.19   |0.70      |
|DPAM      |0.49  |1.00 |0.19   |0.21 |0.58   |0.13  |0.38 |0.17   |0.23   |0.48      |
|GVPMOS    |0.12  |0.19 |1.00   |0.01 |0.31   |0.01  |0.08 |0.10   |0.33   |0.14      |
|MOS       |0.59  |0.21 |0.01   |1.00 |0.54   |0.85  |0.57 |0.80   |0.10   |0.67      |
|PARLAQ    |0.68  |0.58 |0.31   |0.54 |1.00   |0.55  |0.67 |0.51   |0.29   |0.79      |
|PEAQB     |0.60  |0.13 |0.01   |0.85 |0.55   |1.00  |0.63 |0.86   |0.14   |0.72      |
|PESQ      |0.67  |0.38 |0.08   |0.57 |0.67   |0.63  |1.00 |0.51   |0.06   |0.68      |
|ViSQOL    |0.54  |0.17 |0.10   |0.80 |0.51   |0.86  |0.51 |1.00   |0.04   |0.67      |
|WARP-Q    |0.19  |0.23 |0.33   |0.10 |0.29   |0.14  |0.06 |0.04   |1.00   |0.28      |
|Zimtohrli |0.70  |0.48 |0.14   |0.67 |0.79   |0.72  |0.68 |0.67   |0.28   |1.00      |

### Score type MOS Spearman correlation in order

|Score type |Spearman correlation |
|-----------|---------------------|
|PEAQB      |0.85                 |
|ViSQOL     |0.80                 |
|Zimtohrli  |0.67                 |
|CDPAM      |0.59                 |
|PESQ       |0.57                 |
|PARLAQ     |0.54                 |
|DPAM       |0.21                 |
|WARP-Q     |0.10                 |
|GVPMOS     |0.01                 |

## furball_mushra

### Spearman correlation table for all score types

|          |CDPAM |DPAM |GVPMOS |MOS  |PARLAQ |PEAQB |PESQ |ViSQOL |WARP-Q |Zimtohrli |
|----------|------|-----|-------|-----|-------|------|-----|-------|-------|----------|
|CDPAM     |1.00  |0.61 |0.77   |0.66 |0.67   |0.63  |0.85 |0.62   |0.77   |0.85      |
|DPAM      |0.61  |1.00 |0.55   |0.54 |0.71   |0.61  |0.67 |0.66   |0.57   |0.64      |
|GVPMOS    |0.77  |0.55 |1.00   |0.69 |0.63   |0.56  |0.89 |0.47   |0.64   |0.90      |
|MOS       |0.66  |0.54 |0.69   |1.00 |0.56   |0.54  |0.74 |0.52   |0.58   |0.72      |
|PARLAQ    |0.67  |0.71 |0.63   |0.56 |1.00   |0.79  |0.71 |0.56   |0.65   |0.69      |
|PEAQB     |0.63  |0.61 |0.56   |0.54 |0.79   |1.00  |0.67 |0.58   |0.65   |0.67      |
|PESQ      |0.85  |0.67 |0.89   |0.74 |0.71   |0.67  |1.00 |0.64   |0.75   |0.95      |
|ViSQOL    |0.62  |0.66 |0.47   |0.52 |0.56   |0.58  |0.64 |1.00   |0.73   |0.60      |
|WARP-Q    |0.77  |0.57 |0.64   |0.58 |0.65   |0.65  |0.75 |0.73   |1.00   |0.75      |
|Zimtohrli |0.85  |0.64 |0.90   |0.72 |0.69   |0.67  |0.95 |0.60   |0.75   |1.00      |

### Score type MOS Spearman correlation in order

|Score type |Spearman correlation |
|-----------|---------------------|
|PESQ       |0.74                 |
|Zimtohrli  |0.72                 |
|GVPMOS     |0.69                 |
|CDPAM      |0.66                 |
|WARP-Q     |0.58                 |
|PARLAQ     |0.56                 |
|PEAQB      |0.54                 |
|DPAM       |0.54                 |
|ViSQOL     |0.52                 |

## minimodal_cmaudio_mushra

### Spearman correlation table for all score types

|          |CDPAM |DPAM |GVPMOS |MOS  |PARLAQ |PEAQB |PESQ |ViSQOL |WARP-Q |Zimtohrli |
|----------|------|-----|-------|-----|-------|------|-----|-------|-------|----------|
|CDPAM     |1.00  |0.19 |0.42   |0.44 |0.20   |0.21  |0.35 |0.41   |0.08   |0.38      |
|DPAM      |0.19  |1.00 |0.11   |0.19 |0.28   |0.18  |0.27 |0.28   |0.02   |0.22      |
|GVPMOS    |0.42  |0.11 |1.00   |0.78 |0.30   |0.22  |0.44 |0.54   |0.00   |0.52      |
|MOS       |0.44  |0.19 |0.78   |1.00 |0.47   |0.28  |0.60 |0.61   |0.07   |0.64      |
|PARLAQ    |0.20  |0.28 |0.30   |0.47 |1.00   |0.55  |0.81 |0.49   |0.26   |0.68      |
|PEAQB     |0.21  |0.18 |0.22   |0.28 |0.55   |1.00  |0.66 |0.28   |0.22   |0.47      |
|PESQ      |0.35  |0.27 |0.44   |0.60 |0.81   |0.66  |1.00 |0.57   |0.22   |0.77      |
|ViSQOL    |0.41  |0.28 |0.54   |0.61 |0.49   |0.28  |0.57 |1.00   |0.02   |0.73      |
|WARP-Q    |0.08  |0.02 |0.00   |0.07 |0.26   |0.22  |0.22 |0.02   |1.00   |0.15      |
|Zimtohrli |0.38  |0.22 |0.52   |0.64 |0.68   |0.47  |0.77 |0.73   |0.15   |1.00      |

### Score type MOS Spearman correlation in order

|Score type |Spearman correlation |
|-----------|---------------------|
|GVPMOS     |0.78                 |
|Zimtohrli  |0.64                 |
|ViSQOL     |0.61                 |
|PESQ       |0.60                 |
|PARLAQ     |0.47                 |
|CDPAM      |0.44                 |
|PEAQB      |0.28                 |
|DPAM       |0.19                 |
|WARP-Q     |0.07                 |

## perceptual_audio

### Maximal audibility classification accuracy and threshold per score type

|Score type |Accuracy |Threshold |
|-----------|---------|----------|
|Zimtohrli  |0.72     |0.11      |
|CDPAM      |0.71     |0.049     |
|ViSQOL     |0.71     |4.2       |
|DPAM       |0.69     |0.73      |
|GVPMOS     |0.51     |3         |
|WARP-Q     |0.49     |1.3       |
|PEAQB      |0.49     |-3.9      |
|PARLAQ     |0.48     |30        |
|PESQ       |0.48     |1         |

## tcd-voip

### Spearman correlation table for all score types

|          |CDPAM |DPAM |GVPMOS |MOS  |PARLAQ |PEAQB |PESQ |ViSQOL |WARP-Q |Zimtohrli |
|----------|------|-----|-------|-----|-------|------|-----|-------|-------|----------|
|CDPAM     |1.00  |0.51 |0.68   |0.73 |0.54   |0.55  |0.64 |0.76   |0.79   |0.82      |
|DPAM      |0.51  |1.00 |0.44   |0.57 |0.44   |0.59  |0.57 |0.71   |0.48   |0.40      |
|GVPMOS    |0.68  |0.44 |1.00   |0.70 |0.43   |0.45  |0.63 |0.57   |0.67   |0.67      |
|MOS       |0.73  |0.57 |0.70   |1.00 |0.52   |0.54  |0.84 |0.65   |0.78   |0.59      |
|PARLAQ    |0.54  |0.44 |0.43   |0.52 |1.00   |0.81  |0.70 |0.36   |0.56   |0.64      |
|PEAQB     |0.55  |0.59 |0.45   |0.54 |0.81   |1.00  |0.74 |0.45   |0.58   |0.68      |
|PESQ      |0.64  |0.57 |0.63   |0.84 |0.70   |0.74  |1.00 |0.46   |0.77   |0.63      |
|ViSQOL    |0.76  |0.71 |0.57   |0.65 |0.36   |0.45  |0.46 |1.00   |0.57   |0.59      |
|WARP-Q    |0.79  |0.48 |0.67   |0.78 |0.56   |0.58  |0.77 |0.57   |1.00   |0.75      |
|Zimtohrli |0.82  |0.40 |0.67   |0.59 |0.64   |0.68  |0.63 |0.59   |0.75   |1.00      |

### Score type MOS Spearman correlation in order

|Score type |Spearman correlation |
|-----------|---------------------|
|PESQ       |0.84                 |
|WARP-Q     |0.78                 |
|CDPAM      |0.73                 |
|GVPMOS     |0.70                 |
|ViSQOL     |0.65                 |
|Zimtohrli  |0.59                 |
|DPAM       |0.57                 |
|PEAQB      |0.54                 |
|PARLAQ     |0.52                 |

## Global leaderboard across all studies

### Mean square error (1 - Spearman correlation, or 1 - accuracy) per score type

|Score type |MSE  |Min score |Max score |Mean score |
|-----------|-----|----------|----------|-----------|
|ViSQOL     |0.09 |0.52      |0.80      |0.62       |
|Zimtohrli  |0.09 |0.59      |0.72      |0.60       |
|PESQ       |0.10 |0.48      |0.84      |0.61       |
|CDPAM      |0.12 |0.44      |0.73      |0.57       |
|PARLAQ     |0.15 |0.47      |0.78      |0.54       |
|PEAQB      |0.18 |0.28      |0.85      |0.51       |
|DPAM       |0.28 |0.19      |0.69      |0.42       |
|WARP-Q     |0.28 |0.07      |0.78      |0.45       |
|GVPMOS     |0.32 |0.01      |0.78      |0.40       |

