# Zimtohrli correlation report

Created at 2025-07-02
	
Revision v0.2.1-1-gc39ffae, branch main, origin git@github.com:google/zimtohrli.git

## PEASS_DB

### Spearman correlation table for all score types

|          |MOS               |2f                |AQUA              |CDPAM             |DPAM              |GVPMOS            |PARLAQ            |PEAQB             |ViSQOL            |WARP-Q            |Zimtohrli         |
|----------|------------------|------------------|------------------|------------------|------------------|------------------|------------------|------------------|------------------|------------------|------------------|
|MOS       |1.000000000000000 |0.525779451826540 |0.331645933512413 |0.470146399225717 |0.404639480518239 |0.167922817983889 |0.445261140223642 |0.357772408444484 |0.522723503755854 |0.250804124814124 |0.549328774011767 |
|2f        |0.525779451826540 |1.000000000000000 |0.728146135572663 |0.736689779487513 |0.366496505242948 |0.269755483735065 |0.649211315557163 |0.650423992336860 |0.778469137093101 |0.493425159225478 |0.823769227081182 |
|AQUA      |0.331645933512413 |0.728146135572663 |1.000000000000000 |0.792777875638542 |0.520192589982972 |0.200498700747375 |0.849404027949034 |0.810875874754613 |0.559391697492807 |0.754825131956170 |0.674194116610886 |
|CDPAM     |0.470146399225717 |0.736689779487513 |0.792777875638542 |1.000000000000000 |0.471152604074922 |0.190503095537500 |0.852480770359932 |0.781194089330923 |0.555774763666256 |0.653331602113418 |0.734437202747930 |
|DPAM      |0.404639480518239 |0.366496505242948 |0.520192589982972 |0.471152604074922 |1.000000000000000 |0.115536056463438 |0.566014913980389 |0.495052292301755 |0.358651870119194 |0.339922960774928 |0.377018378251424 |
|GVPMOS    |0.167922817983889 |0.269755483735065 |0.200498700747375 |0.190503095537500 |0.115536056463438 |1.000000000000000 |0.180554418051615 |0.089967182372246 |0.194046138698747 |0.318426619945810 |0.127878047872814 |
|PARLAQ    |0.445261140223642 |0.649211315557163 |0.849404027949034 |0.852480770359932 |0.566014913980389 |0.180554418051615 |1.000000000000000 |0.834410128335610 |0.486630262462568 |0.780764583404826 |0.583113146614996 |
|PEAQB     |0.357772408444484 |0.650423992336860 |0.810875874754613 |0.781194089330923 |0.495052292301755 |0.089967182372246 |0.834410128335610 |1.000000000000000 |0.403308591901259 |0.710939468715142 |0.531773236323948 |
|ViSQOL    |0.522723503755854 |0.778469137093101 |0.559391697492807 |0.555774763666256 |0.358651870119194 |0.194046138698747 |0.486630262462568 |0.403308591901259 |1.000000000000000 |0.353649400483172 |0.799189712876519 |
|WARP-Q    |0.250804124814124 |0.493425159225478 |0.754825131956170 |0.653331602113418 |0.339922960774928 |0.318426619945810 |0.780764583404826 |0.710939468715142 |0.353649400483172 |1.000000000000000 |0.364548428251513 |
|Zimtohrli |0.549328774011767 |0.823769227081182 |0.674194116610886 |0.734437202747930 |0.377018378251424 |0.127878047872814 |0.583113146614996 |0.531773236323948 |0.799189712876519 |0.364548428251513 |1.000000000000000 |

### Score type MOS Spearman correlation in order

|Score type |Spearman correlation |
|-----------|---------------------|
|Zimtohrli  |0.549328774011767    |
|2f         |0.525779451826540    |
|ViSQOL     |0.522723503755854    |
|CDPAM      |0.470146399225717    |
|PARLAQ     |0.445261140223642    |
|DPAM       |0.404639480518239    |
|PEAQB      |0.357772408444484    |
|AQUA       |0.331645933512413    |
|WARP-Q     |0.250804124814124    |
|GVPMOS     |0.167922817983889    |

## SAOC

### Spearman correlation table for all score types

|          |MOS               |2f                |AQUA              |CDPAM             |DPAM              |GVPMOS            |PARLAQ            |PEAQB             |ViSQOL            |WARP-Q            |Zimtohrli         |
|----------|------------------|------------------|------------------|------------------|------------------|------------------|------------------|------------------|------------------|------------------|------------------|
|MOS       |1.000000000000000 |0.780460640841539 |0.694359099131883 |0.614265539736329 |0.498330346634544 |0.184203664690939 |0.729149520919481 |0.592261524914187 |0.744038053914688 |0.615860134790972 |0.792350014864856 |
|2f        |0.780460640841539 |1.000000000000000 |0.819143438803407 |0.762454551934117 |0.623859949528921 |0.243267775453246 |0.883207011773692 |0.738819143618446 |0.837915647965057 |0.760027694898325 |0.882801119254259 |
|AQUA      |0.694359099131883 |0.819143438803407 |1.000000000000000 |0.738432966245083 |0.536971378051779 |0.127289164201522 |0.870426924202624 |0.716870088362307 |0.788007228575311 |0.766146406220268 |0.835040310381590 |
|CDPAM     |0.614265539736329 |0.762454551934117 |0.738432966245083 |1.000000000000000 |0.615619695882122 |0.300318050420383 |0.869461505017680 |0.615076954029931 |0.734880561224704 |0.714030078627692 |0.694230836641473 |
|DPAM      |0.498330346634544 |0.623859949528921 |0.536971378051779 |0.615619695882122 |1.000000000000000 |0.534395094930195 |0.546812345010943 |0.546422115915548 |0.472191526710004 |0.655187141963461 |0.420589544349497 |
|GVPMOS    |0.184203664690939 |0.243267775453246 |0.127289164201522 |0.300318050420383 |0.534395094930195 |1.000000000000000 |0.229712940046222 |0.010225624957894 |0.054112181062617 |0.309906951416314 |0.014422530359953 |
|PARLAQ    |0.729149520919481 |0.883207011773692 |0.870426924202624 |0.869461505017680 |0.546812345010943 |0.229712940046222 |1.000000000000000 |0.669380125580958 |0.854426119611699 |0.748474157168109 |0.847591144351281 |
|PEAQB     |0.592261524914187 |0.738819143618446 |0.716870088362307 |0.615076954029931 |0.546422115915548 |0.010225624957894 |0.669380125580958 |1.000000000000000 |0.707704145845924 |0.698125831877851 |0.709110321789910 |
|ViSQOL    |0.744038053914688 |0.837915647965057 |0.788007228575311 |0.734880561224704 |0.472191526710004 |0.054112181062617 |0.854426119611699 |0.707704145845924 |1.000000000000000 |0.695711014072081 |0.908106490545933 |
|WARP-Q    |0.615860134790972 |0.760027694898325 |0.766146406220268 |0.714030078627692 |0.655187141963461 |0.309906951416314 |0.748474157168109 |0.698125831877851 |0.695711014072081 |1.000000000000000 |0.665773291332482 |
|Zimtohrli |0.792350014864856 |0.882801119254259 |0.835040310381590 |0.694230836641473 |0.420589544349497 |0.014422530359953 |0.847591144351281 |0.709110321789910 |0.908106490545933 |0.665773291332482 |1.000000000000000 |

### Score type MOS Spearman correlation in order

|Score type |Spearman correlation |
|-----------|---------------------|
|Zimtohrli  |0.792350014864856    |
|2f         |0.780460640841539    |
|ViSQOL     |0.744038053914688    |
|PARLAQ     |0.729149520919481    |
|AQUA       |0.694359099131883    |
|WARP-Q     |0.615860134790972    |
|CDPAM      |0.614265539736329    |
|PEAQB      |0.592261524914187    |
|DPAM       |0.498330346634544    |
|GVPMOS     |0.184203664690939    |

## SASSEC

### Spearman correlation table for all score types

|          |MOS               |2f                |AQUA              |CDPAM             |DPAM              |GVPMOS            |PARLAQ            |PEAQB             |ViSQOL            |WARP-Q            |Zimtohrli         |
|----------|------------------|------------------|------------------|------------------|------------------|------------------|------------------|------------------|------------------|------------------|------------------|
|MOS       |1.000000000000000 |0.792210432611114 |0.684645383149464 |0.670475087814067 |0.503151803294036 |0.240031561047697 |0.737531549018483 |0.680361180985602 |0.733781109712064 |0.653112762311908 |0.789502832371284 |
|2f        |0.792210432611114 |1.000000000000000 |0.842463845119534 |0.835034286524406 |0.607535214053321 |0.218948409933011 |0.876382556647504 |0.867736276358597 |0.879827757143375 |0.744540763891071 |0.927532713130557 |
|AQUA      |0.684645383149464 |0.842463845119534 |1.000000000000000 |0.756995088999438 |0.528814787966654 |0.092080318657111 |0.820589876478463 |0.790918874973941 |0.841577351658466 |0.764317526543998 |0.856722653931788 |
|CDPAM     |0.670475087814067 |0.835034286524406 |0.756995088999438 |1.000000000000000 |0.562500746806655 |0.208089872619491 |0.875882443331737 |0.787098492409255 |0.824311183099778 |0.743734188536502 |0.831679737442695 |
|DPAM      |0.503151803294036 |0.607535214053321 |0.528814787966654 |0.562500746806655 |1.000000000000000 |0.512618436079247 |0.515395614783471 |0.559323811551649 |0.555401063090590 |0.656507488029270 |0.499960170311747 |
|GVPMOS    |0.240031561047697 |0.218948409933011 |0.092080318657111 |0.208089872619491 |0.512618436079247 |1.000000000000000 |0.216913962180528 |0.087229234370882 |0.146527107871105 |0.351467588874371 |0.097113651173791 |
|PARLAQ    |0.737531549018483 |0.876382556647504 |0.820589876478463 |0.875882443331737 |0.515395614783471 |0.216913962180528 |1.000000000000000 |0.749295530881132 |0.879303069647012 |0.725194381752613 |0.893818181258071 |
|PEAQB     |0.680361180985602 |0.867736276358597 |0.790918874973941 |0.787098492409255 |0.559323811551649 |0.087229234370882 |0.749295530881132 |1.000000000000000 |0.811888575491149 |0.716012355244214 |0.827064111461055 |
|ViSQOL    |0.733781109712064 |0.879827757143375 |0.841577351658466 |0.824311183099778 |0.555401063090590 |0.146527107871105 |0.879303069647012 |0.811888575491149 |1.000000000000000 |0.761557552979914 |0.915094984704894 |
|WARP-Q    |0.653112762311908 |0.744540763891071 |0.764317526543998 |0.743734188536502 |0.656507488029270 |0.351467588874371 |0.725194381752613 |0.716012355244214 |0.761557552979914 |1.000000000000000 |0.718925818116938 |
|Zimtohrli |0.789502832371284 |0.927532713130557 |0.856722653931788 |0.831679737442695 |0.499960170311747 |0.097113651173791 |0.893818181258071 |0.827064111461055 |0.915094984704894 |0.718925818116938 |1.000000000000000 |

### Score type MOS Spearman correlation in order

|Score type |Spearman correlation |
|-----------|---------------------|
|2f         |0.792210432611114    |
|Zimtohrli  |0.789502832371284    |
|PARLAQ     |0.737531549018483    |
|ViSQOL     |0.733781109712064    |
|AQUA       |0.684645383149464    |
|PEAQB      |0.680361180985602    |
|CDPAM      |0.670475087814067    |
|WARP-Q     |0.653112762311908    |
|DPAM       |0.503151803294036    |
|GVPMOS     |0.240031561047697    |

## SiSEC08

### Spearman correlation table for all score types

|          |MOS               |2f                |AQUA              |CDPAM             |DPAM              |GVPMOS            |PARLAQ            |PEAQB             |ViSQOL            |WARP-Q            |Zimtohrli         |
|----------|------------------|------------------|------------------|------------------|------------------|------------------|------------------|------------------|------------------|------------------|------------------|
|MOS       |1.000000000000000 |0.793628140100231 |0.739286336419790 |0.702546591542805 |0.543860131349469 |0.125847207153761 |0.784370761057963 |0.659587105339281 |0.779848949312464 |0.748478251206523 |0.759067638848760 |
|2f        |0.793628140100231 |1.000000000000000 |0.863233841715363 |0.848246708442665 |0.619387420402362 |0.153980043244408 |0.921602547026525 |0.834717245347335 |0.894634107095838 |0.891162622836839 |0.907285818500395 |
|AQUA      |0.739286336419790 |0.863233841715363 |1.000000000000000 |0.704799171366095 |0.547102247505056 |0.053142581462454 |0.870595875054488 |0.849740842348456 |0.803866873934174 |0.824760964167200 |0.868063068247209 |
|CDPAM     |0.702546591542805 |0.848246708442665 |0.704799171366095 |1.000000000000000 |0.530601910461503 |0.160785275616310 |0.859481759266361 |0.718296220154262 |0.785404874888222 |0.745135401728919 |0.808368544793910 |
|DPAM      |0.543860131349469 |0.619387420402362 |0.547102247505056 |0.530601910461503 |1.000000000000000 |0.465181248952451 |0.534230332901240 |0.563264294403986 |0.488563720465521 |0.658450497400438 |0.409992930305970 |
|GVPMOS    |0.125847207153761 |0.153980043244408 |0.053142581462454 |0.160785275616310 |0.465181248952451 |1.000000000000000 |0.128134226772809 |0.035232392338547 |0.009935427705259 |0.276623083209481 |0.075520481236470 |
|PARLAQ    |0.784370761057963 |0.921602547026525 |0.870595875054488 |0.859481759266361 |0.534230332901240 |0.128134226772809 |1.000000000000000 |0.720300343110885 |0.858970505341301 |0.821935819524844 |0.898948211248690 |
|PEAQB     |0.659587105339281 |0.834717245347335 |0.849740842348456 |0.718296220154262 |0.563264294403986 |0.035232392338547 |0.720300343110885 |1.000000000000000 |0.778291465770486 |0.788964694871176 |0.819982676522076 |
|ViSQOL    |0.779848949312464 |0.894634107095838 |0.803866873934174 |0.785404874888222 |0.488563720465521 |0.009935427705259 |0.858970505341301 |0.778291465770486 |1.000000000000000 |0.809131593142624 |0.902838352255652 |
|WARP-Q    |0.748478251206523 |0.891162622836839 |0.824760964167200 |0.745135401728919 |0.658450497400438 |0.276623083209481 |0.821935819524844 |0.788964694871176 |0.809131593142624 |1.000000000000000 |0.784693362735442 |
|Zimtohrli |0.759067638848760 |0.907285818500395 |0.868063068247209 |0.808368544793910 |0.409992930305970 |0.075520481236470 |0.898948211248690 |0.819982676522076 |0.902838352255652 |0.784693362735442 |1.000000000000000 |

### Score type MOS Spearman correlation in order

|Score type |Spearman correlation |
|-----------|---------------------|
|2f         |0.793628140100231    |
|PARLAQ     |0.784370761057963    |
|ViSQOL     |0.779848949312464    |
|Zimtohrli  |0.759067638848760    |
|WARP-Q     |0.748478251206523    |
|AQUA       |0.739286336419790    |
|CDPAM      |0.702546591542805    |
|PEAQB      |0.659587105339281    |
|DPAM       |0.543860131349469    |
|GVPMOS     |0.125847207153761    |

## coresvnet

### Spearman correlation table for all score types

|          |MOS               |2f                |AQUA              |CDPAM             |DPAM              |GVPMOS            |PARLAQ            |PEAQB             |ViSQOL            |WARP-Q            |Zimtohrli         |
|----------|------------------|------------------|------------------|------------------|------------------|------------------|------------------|------------------|------------------|------------------|------------------|
|MOS       |1.000000000000000 |0.772813078971073 |0.398503283940753 |0.589370891050721 |0.209391872893285 |0.170373589044984 |0.543062179850531 |0.851011116004117 |0.801480831107469 |0.102336265838450 |0.851580599255229 |
|2f        |0.772813078971073 |1.000000000000000 |0.528792166530669 |0.725628049098074 |0.309992360978489 |0.255128561259744 |0.647407941110089 |0.866706887272348 |0.773559436795778 |0.140111101861225 |0.814204239656938 |
|AQUA      |0.398503283940753 |0.528792166530669 |1.000000000000000 |0.617485546624073 |0.599032101251758 |0.198160558343027 |0.684616052362020 |0.325773884963281 |0.287755863817080 |0.139477810254481 |0.442707338669074 |
|CDPAM     |0.589370891050721 |0.725628049098074 |0.617485546624073 |1.000000000000000 |0.492559766662616 |0.169017691279362 |0.681793954756159 |0.597812462021910 |0.542291532839112 |0.190694563604508 |0.675319015955138 |
|DPAM      |0.209391872893285 |0.309992360978489 |0.599032101251758 |0.492559766662616 |1.000000000000000 |0.206574766923037 |0.583841733363426 |0.127768711262348 |0.170785951144985 |0.231525595039148 |0.264057535721106 |
|GVPMOS    |0.170373589044984 |0.255128561259744 |0.198160558343027 |0.169017691279362 |0.206574766923037 |1.000000000000000 |0.372096737790587 |0.238832271393601 |0.126616781541346 |0.318345577142788 |0.124944877515235 |
|PARLAQ    |0.543062179850531 |0.647407941110089 |0.684616052362020 |0.681793954756159 |0.583841733363426 |0.372096737790587 |1.000000000000000 |0.550868938696852 |0.508653796072849 |0.293468806364393 |0.615117449955728 |
|PEAQB     |0.851011116004117 |0.866706887272348 |0.325773884963281 |0.597812462021910 |0.127768711262348 |0.238832271393601 |0.550868938696852 |1.000000000000000 |0.859929859893401 |0.142448941884474 |0.847035538811438 |
|ViSQOL    |0.801480831107469 |0.773559436795778 |0.287755863817080 |0.542291532839112 |0.170785951144985 |0.126616781541346 |0.508653796072849 |0.859929859893401 |1.000000000000000 |0.042171404622867 |0.875144533759266 |
|WARP-Q    |0.102336265838450 |0.140111101861225 |0.139477810254481 |0.190694563604508 |0.231525595039148 |0.318345577142788 |0.293468806364393 |0.142448941884474 |0.042171404622867 |1.000000000000000 |0.024311626383618 |
|Zimtohrli |0.851580599255229 |0.814204239656938 |0.442707338669074 |0.675319015955138 |0.264057535721106 |0.124944877515235 |0.615117449955728 |0.847035538811438 |0.875144533759266 |0.024311626383618 |1.000000000000000 |

### Score type MOS Spearman correlation in order

|Score type |Spearman correlation |
|-----------|---------------------|
|Zimtohrli  |0.851580599255229    |
|PEAQB      |0.851011116004117    |
|ViSQOL     |0.801480831107469    |
|2f         |0.772813078971073    |
|CDPAM      |0.589370891050721    |
|PARLAQ     |0.543062179850531    |
|AQUA       |0.398503283940753    |
|DPAM       |0.209391872893285    |
|GVPMOS     |0.170373589044984    |
|WARP-Q     |0.102336265838450    |

## odaq

### Spearman correlation table for all score types

|          |MOS               |2f                |AQUA              |CDPAM             |DPAM              |GVPMOS            |PARLAQ            |PEAQB             |ViSQOL            |WARP-Q            |Zimtohrli         |
|----------|------------------|------------------|------------------|------------------|------------------|------------------|------------------|------------------|------------------|------------------|------------------|
|MOS       |1.000000000000000 |0.662149217276313 |0.130570857985732 |0.738378506427357 |0.397743327041816 |0.076990584260029 |0.390206323423047 |0.510886034273014 |0.724191205149539 |0.222200372737792 |0.811875556025560 |
|2f        |0.662149217276313 |1.000000000000000 |0.579332441354555 |0.741262225562643 |0.431164615439440 |0.174392649922087 |0.791881254444620 |0.756920016716503 |0.497225902804550 |0.589282216648727 |0.842397068780635 |
|AQUA      |0.130570857985732 |0.579332441354555 |1.000000000000000 |0.396497957411793 |0.309023995956939 |0.482398753389465 |0.819123001627172 |0.604549739695539 |0.127303945548259 |0.555688575592210 |0.345253452638195 |
|CDPAM     |0.738378506427357 |0.741262225562643 |0.396497957411793 |1.000000000000000 |0.570704652436042 |0.012098731036002 |0.489046509726772 |0.443565928138475 |0.626723079464942 |0.190309534996272 |0.807415518486962 |
|DPAM      |0.397743327041816 |0.431164615439440 |0.309023995956939 |0.570704652436042 |1.000000000000000 |0.089308241300777 |0.403559361982229 |0.295002867074644 |0.281900497931495 |0.126159372564427 |0.363066247242263 |
|GVPMOS    |0.076990584260029 |0.174392649922087 |0.482398753389465 |0.012098731036002 |0.089308241300777 |1.000000000000000 |0.245506819039561 |0.257185990533794 |0.047139890565219 |0.130053780348499 |0.111837940630497 |
|PARLAQ    |0.390206323423047 |0.791881254444620 |0.819123001627172 |0.489046509726772 |0.403559361982229 |0.245506819039561 |1.000000000000000 |0.809234229257747 |0.071086809262662 |0.786989544055702 |0.561579508212901 |
|PEAQB     |0.510886034273014 |0.756920016716503 |0.604549739695539 |0.443565928138475 |0.295002867074644 |0.257185990533794 |0.809234229257747 |1.000000000000000 |0.236081729445343 |0.722107441604959 |0.594351377005737 |
|ViSQOL    |0.724191205149539 |0.497225902804550 |0.127303945548259 |0.626723079464942 |0.281900497931495 |0.047139890565219 |0.071086809262662 |0.236081729445343 |1.000000000000000 |0.116325506918656 |0.753988797351277 |
|WARP-Q    |0.222200372737792 |0.589282216648727 |0.555688575592210 |0.190309534996272 |0.126159372564427 |0.130053780348499 |0.786989544055702 |0.722107441604959 |0.116325506918656 |1.000000000000000 |0.345650398433896 |
|Zimtohrli |0.811875556025560 |0.842397068780635 |0.345253452638195 |0.807415518486962 |0.363066247242263 |0.111837940630497 |0.561579508212901 |0.594351377005737 |0.753988797351277 |0.345650398433896 |1.000000000000000 |

### Score type MOS Spearman correlation in order

|Score type |Spearman correlation |
|-----------|---------------------|
|Zimtohrli  |0.811875556025560    |
|CDPAM      |0.738378506427357    |
|ViSQOL     |0.724191205149539    |
|2f         |0.662149217276313    |
|PEAQB      |0.510886034273014    |
|DPAM       |0.397743327041816    |
|PARLAQ     |0.390206323423047    |
|WARP-Q     |0.222200372737792    |
|AQUA       |0.130570857985732    |
|GVPMOS     |0.076990584260029    |

## perceptual_audio

### Maximal audibility classification accuracy and threshold per score type

|Score type |Accuracy          |Threshold          |
|-----------|------------------|-------------------|
|Zimtohrli  |0.742786333864401 |0.0120958089828491 |
|CDPAM      |0.713046556912728 |0.0489602200686932 |
|ViSQOL     |0.709152062311914 |4.24627351760864   |
|DPAM       |0.690564701717118 |0.725069284439087  |
|GVPMOS     |0.514958399716764 |1.48950910568237   |
|WARP-Q     |0.486103735174367 |1.349              |
|PEAQB      |0.485041600283236 |-3.907657          |
|PARLAQ     |0.484687555319526 |30.1484909057617   |
|2f         |0.484687555319526 |-14.168815         |
|AQUA       |0.484687555319526 |0.01803            |

## tcd-voip

### Spearman correlation table for all score types

|          |MOS               |2f                |AQUA              |CDPAM             |DPAM              |GVPMOS            |PARLAQ            |PEAQB             |ViSQOL            |WARP-Q            |Zimtohrli         |
|----------|------------------|------------------|------------------|------------------|------------------|------------------|------------------|------------------|------------------|------------------|------------------|
|MOS       |1.000000000000000 |0.700823472125128 |0.502477364628443 |0.728779141125759 |0.566843125513464 |0.627734018440689 |0.524444974160004 |0.540369470917262 |0.653483844385546 |0.777119464646524 |0.861124230989700 |
|2f        |0.700823472125128 |1.000000000000000 |0.719521262683882 |0.654277596258501 |0.774763745271991 |0.526862154521512 |0.732367969043337 |0.840041627887128 |0.715091582156873 |0.613034569668541 |0.744042205263152 |
|AQUA      |0.502477364628443 |0.719521262683882 |1.000000000000000 |0.632185923083744 |0.484767215162785 |0.446895663083653 |0.896161164431584 |0.753749660913499 |0.485825875435610 |0.571660134994080 |0.640204400381404 |
|CDPAM     |0.728779141125759 |0.654277596258501 |0.632185923083744 |1.000000000000000 |0.505951912876399 |0.741888454656302 |0.535777183319786 |0.550814369687190 |0.759934886215145 |0.790289235314972 |0.883696436652363 |
|DPAM      |0.566843125513464 |0.774763745271991 |0.484767215162785 |0.505951912876399 |1.000000000000000 |0.359573484791209 |0.442428775590588 |0.588805755317727 |0.707102849893862 |0.484724191602175 |0.625878702260224 |
|GVPMOS    |0.627734018440689 |0.526862154521512 |0.446895663083653 |0.741888454656302 |0.359573484791209 |1.000000000000000 |0.405479765303386 |0.406216303278966 |0.631151742342753 |0.633804728750477 |0.691516784237665 |
|PARLAQ    |0.524444974160004 |0.732367969043337 |0.896161164431584 |0.535777183319786 |0.442428775590588 |0.405479765303386 |1.000000000000000 |0.810652127484452 |0.357552617708853 |0.560927934601591 |0.561129077995180 |
|PEAQB     |0.540369470917262 |0.840041627887128 |0.753749660913499 |0.550814369687190 |0.588805755317727 |0.406216303278966 |0.810652127484452 |1.000000000000000 |0.450734413565421 |0.581644147011404 |0.573110878336089 |
|ViSQOL    |0.653483844385546 |0.715091582156873 |0.485825875435610 |0.759934886215145 |0.707102849893862 |0.631151742342753 |0.357552617708853 |0.450734413565421 |1.000000000000000 |0.573685337355044 |0.805865539610356 |
|WARP-Q    |0.777119464646524 |0.613034569668541 |0.571660134994080 |0.790289235314972 |0.484724191602175 |0.633804728750477 |0.560927934601591 |0.581644147011404 |0.573685337355044 |1.000000000000000 |0.808738281144275 |
|Zimtohrli |0.861124230989700 |0.744042205263152 |0.640204400381404 |0.883696436652363 |0.625878702260224 |0.691516784237665 |0.561129077995180 |0.573110878336089 |0.805865539610356 |0.808738281144275 |1.000000000000000 |

### Score type MOS Spearman correlation in order

|Score type |Spearman correlation |
|-----------|---------------------|
|Zimtohrli  |0.861124230989700    |
|WARP-Q     |0.777119464646524    |
|CDPAM      |0.728779141125759    |
|2f         |0.700823472125128    |
|ViSQOL     |0.653483844385546    |
|GVPMOS     |0.627734018440689    |
|DPAM       |0.566843125513464    |
|PEAQB      |0.540369470917262    |
|PARLAQ     |0.524444974160004    |
|AQUA       |0.502477364628443    |

## Global leaderboard across all studies

Contains only scores present in all studies.

### Mean square error (1 - Spearman correlation, or 1 - accuracy) per score type

|Score type |MSE               |Min score         |Max score         |Mean score        |
|-----------|------------------|------------------|------------------|------------------|
|Zimtohrli  |0.061430625586654 |0.549328774011767 |0.861124230989700 |0.769701997528945 |
|ViSQOL     |0.091599334383714 |0.522723503755854 |0.801480831107469 |0.708587444956192 |
|2f         |0.109957383293905 |0.484687555319526 |0.793628140100231 |0.689068998633933 |
|CDPAM      |0.127445776730764 |0.470146399225717 |0.738378506427357 |0.653376089229435 |
|PEAQB      |0.191828674077495 |0.357772408444484 |0.851011116004117 |0.584661305145148 |
|PARLAQ     |0.196102604841489 |0.390206323423047 |0.784370761057963 |0.579839250496585 |
|DPAM       |0.291524711514514 |0.209391872893285 |0.690564701717118 |0.476815598620246 |
|AQUA       |0.292289335997960 |0.130570857985732 |0.739286336419790 |0.495771976761001 |
|WARP-Q     |0.327123673133078 |0.102336265838450 |0.777119464646524 |0.482001888940083 |
|GVPMOS     |0.576705613663804 |0.076990584260029 |0.627734018440689 |0.263507730292344 |

